0.000000000000000000e+00
0.000000000000000000e+00
0.000000000000000000e+00
0.000000000000000000e+00
0.000000000000000000e+00
0.000000000000000000e+00
0.000000000000000000e+00
1.111111111111111110e-03
1.052631578947368614e-03
2.380952380952381492e-04
0.000000000000000000e+00
7.499999999999995819e-04
4.999999999999997936e-04
1.500000000000000899e-03
4.166666666666669211e-03
2.000000000000001776e-03
5.000000000000004441e-04
1.052631578947369265e-03
2.000000000000000475e-03
5.000000000000004441e-03
5.263157894736847191e-03
3.000000000000002665e-03
3.750000000000003331e-03
4.210526315789477059e-03
5.500000000000004885e-03
4.000000000000003553e-03
7.749999999999962648e-03
9.166666666666470689e-03
1.074999999999977016e-02
9.749999999999791819e-03
8.157894736841931824e-03
1.738095238095202152e-02
9.499999999999796801e-03
1.916666666666625926e-02
2.249999999999952038e-02
2.624999999999944045e-02
2.868421052631517712e-02
3.874999999999917399e-02
5.374999999999885425e-02
7.299999999999844114e-02
1.081578947368542487e-01
1.512500000000236433e-01
1.860526315789743923e-01
2.589999999999484936e-01
2.644999999999473883e-01
1.774999999999646860e-01
1.330555555555498204e-01
9.800000000005013034e-02
6.900000000003529699e-02
5.236842105265836905e-02
3.375000000001726619e-02
3.225000000001650158e-02
1.850000000000946374e-02
1.973684210527325636e-02
1.700000000000869566e-02
1.150000000000588399e-02
9.736842105268138717e-03
5.500000000002813402e-03
9.500000000004860459e-03
7.777777777781757010e-03
4.750000000002430230e-03
1.250000000000639488e-03
8.000000000004092379e-03
5.250000000002685678e-03
5.750000000002941994e-03
4.000000000002046190e-03
2.222222222223358898e-03
1.500000000000767430e-03
3.250000000001662583e-03
1.842105263158837084e-03
7.500000000003837148e-04
1.500000000000767430e-03
2.631578947369767139e-03
1.250000000000639488e-03
1.750000000000895371e-03
5.263157894739535145e-04
0.000000000000000000e+00
0.000000000000000000e+00
0.000000000000000000e+00
0.000000000000000000e+00
1.000000000000511547e-03
1.500000000000767430e-03
5.263157894739535145e-04
2.500000000001278869e-04
5.000000000002557737e-04
0.000000000000000000e+00
0.000000000000000000e+00
0.000000000000000000e+00
0.000000000000000000e+00
0.000000000000000000e+00
0.000000000000000000e+00
0.000000000000000000e+00
0.000000000000000000e+00
0.000000000000000000e+00
0.000000000000000000e+00
0.000000000000000000e+00
0.000000000000000000e+00
0.000000000000000000e+00
0.000000000000000000e+00
0.000000000000000000e+00
